chordTone,noteDuration,startedBeat
0,1,4
1,1,1
1,1,2
0,1,3
1,0.5,4.5
1,0.166,1
0,0.166,1.2
1,0.166,1.3
1,0.5,1.5
1,1,2
1,1,3
1,1,4
1,1,1
1,1,3.5
1,1,4.5
1,1.5,1.5
1,0.5,4.5
0,0.5,1
1,0.5,1.5
0,0.5,2
0,1.5,2.5
1,0.5,4
1,0.5,4.5
1,1,1
1,0.5,2.5
1,0.33,3
1,0.33,3.3
1,0.33,3.7
0,0.5,4
0,1.5,4.5
0,0.5,2
1,0.5,2.5
0,0.5,3
0,0.5,3.5
1,0.5,4
0,0.5,4.5
1,0.5,1
0,0.5,1.5
0,0.5,2
0,0.5,2.5
1,1,3
1,1,4
1,0.5,1.5
1,0.5,2
1,0.5,2.5
1,1,3
1,0.5,4
1,0.5,4.5
1,0.5,1
0,0.5,1.5
1,0.5,2
0,1,2.5
1,1.5,4.5
1,0.5,2
1,0.5,2.5
1,0.5,3
1,0.5,3.5
0,0.5,4
0,0.5,4.5
1,1,1
1,1,2
0,0.5,3
1,0.5,3.5
1,0.5,4
1,0.5,4.3
1,0.5,1
0,2.5,1.5
1,0.5,4
0,1.5,4.5
1,0.5,2
0,0.5,2.5
0,1,3
1,0.5,4
0,2.5,4.5
1,1,3
1,0.5,1.5
1,0.5,2.5
1,1,3
1,1,1
1,1,2
0,2,3
1,0.5,1.5
1,0.5,2.5
0,1,3
0,1,1
1,1,2
1,1,3
0,0.5,4
0,0.5,4.5
1,1,1
0,0.5,2
1,1.5,2.5
1,1.5,4.5
0,1,2
0,2,3
0,0.5,1
0,0.5,1.5
1,0.5,2.5
1,0.5,3
0,2,3.5
1,0.5,1.5
0,0.5,1.5
1,0.5,2
0,0.5,2.5
1,0.5,3
1,0.5,3.5
0,0.5,4
1,0.5,4.5
1,0.5,1
1,0.5,1.5
0,0.5,2
0,0.5,2.5
1,0.5,3
1,0.5,3.5
0,0.5,4
0,0.5,4.5
0,0.166,1
0,0.166,1.2
0,0.166,1.3
0,0.5,1.5
1,0.5,2
0,0.5,2.5
0,0.5,3
0,0.5,3.5
1,0.5,4
1,0.5,4.5
0,0.5,1
0,0.5,1.5
1,0.5,2
0,0.5,2.5
1,0.5,3
0,0.5,3.5
1,3,4
0,0.5,3
1,0.5,3.5
0,0.5,4
0,0.5,4.5
1,1,1
0,1,2
0,1,3
0,0.5,4.5
1,0.5,1
0,0.5,1.5
1,0.5,2
0,0.5,2.5
1,1,3
0,0.5,4.5
1,0.5,1.5
1,0.5,2.5
0,0.5,3
0,0.5,3.5
1,0.5,4
0,0.5,4.5
1,1,1
0,0.5,2
1,1,2.5
0,1,3.5
1,1,4.5
0,1,1.5
1,0.25,2
1,0.25,2.3
1,0.25,2.5
0,0.25,2.8
1,0.25,3
1,0.25,3.3
1,0.25,3.5
0,0.25,3.8
1,0.25,4
1,0.25,4.3
1,0.25,4.5
0,0.25,4.8
0,0.25,3
1,0.25,3.3
1,0.25,3.5
0,0.25,3.8
1,0.5,4
0,0.5,4.5
1,1.5,1
0,0.5,2.5
0,0.25,3
0,0.25,3.3
0,0.25,3.5
1,0.25,3.8
1,0.5,4
1,0.5,4.5
1,0.5,3.5
0,0.5,4
1,0.5,4.5
1,0.5,1.5
0,0.5,3
1,0.5,3.5
1,0.5,4
1,0.5,4.5
1,0.5,1
1,0.5,1.5
1,0.5,2
0,0.5,2.5
1,1,3
0,0.5,4
0,1.5,4.5
0,0.5,3
0,0.5,3.5
0,0.5,4
0,2,4.5
1,0.5,2.5
0,0.5,3
1,1.5,3.5
1,0.5,1.5
0,0.5,2
1,0.5,2.5
1,0.5,3
1,0.5,3.5
0,0.5,4
0,0.5,4.5
0,0.5,1
1,0.5,1.5
0,0.5,2
0,0.5,2.5
1,0.5,3
0,0.5,3.5
0,0.5,4
1,1.5,4.5
0,0.5,1
1,0.5,1.5
1,0.5,2
1,0.5,2.5
0,0.5,3
0,0.5,3.5
1,0.5,4
1,0.5,4.5
0,1.5,1
1,2.5,2.5
1,0.66,1.5
1,,2
1,,2.2
1,,2.3
0,1.33,2.5
0,,4
1,,4.2
0,,4.3
1,1.33,4.5
1,,2
0,,2.2
0,,2.3
0,1.33,2.5
0,,4
1,,4.2
0,,4.3
1,1.33,4.5
0,,2
0,,2.2
0,,2.3
0,1.33,2.5
0,,4
0,,4.2
1,,4.3
0,1.33,4.5
0,,2
0,,2.2
1,,2.4
0,1.33,2.5
0,0.33,4
1,0.33,4.3
1,0.33,4.7
0,0.166,1
1,0.166,1.2
0,0.166,1.3
1,0.5,1.5
0,0.5,2
0,0.5,2.5
1,0.5,3
1,0.5,3.5
1,0.5,4
1,0.5,4.5
1,0.5,1
0,0.5,1.5
1,0.5,2
0,0.5,2.5
1,0.5,3
0,0.5,3.5
1,0.5,4
0,0.5,4.5
1,0.5,1
1,0.5,1.5
1,1,2
1,1,3
1,1,4
1,0.5,1
1,0.5,1.5
1,1,2
1,0.5,4.5
1,0.33,1
1,0.33,1.3
1,0.33,1.7
1,1,2
1,0.5,3
1,0.5,3.5
1,1,4
1,1,1
1,1,2
1,1,1
1,1,2
0,0.5,1
1,0.5,1.5
0,1,2
1,0.5,3
0,1.5,3.5
1,0.5,1
0,0.5,1.5
1,0.5,2
0,1,2.5
1,1,3.5
1,1.5,4.5
0,1,2
1,1,3
0,1,4.5
1,1.5,1.5
0,0.5,3
1,0.5,3.5
0,0.5,4
0,0.5,4.5
1,0.5,1
0,0.5,1.5
0,0.5,2
0,0.5,2.5
1,0.25,3.5
0,0.25,3.8
1,0.5,4
0,0.5,4.5
1,0.5,1
1,0.5,1.5
0,0.5,2
1,0.5,2.5
1,0.5,3
0,0.5,3.5
1,0.5,4
1,0.5,4.5
1,1,1
1,1,2
0,1,3
1,0.5,4
0,1.5,4.5
1,0.33,2
0,0.33,2.3
0,0.33,2.7
0,0.5,3
1,0.5,3.5
0,0.5,1
1,0.5,1.5
1,0.5,2
1,0.5,2.5
0,0.5,3
0,0.5,3.5
1,1,4
0,0.5,1
1,0.5,1.5
1,1,2
0,0.5,3
1,0.5,3.5
0,0.5,4
1,0.25,4.5
0,0.25,4.8
1,0.5,1
0,0.5,3
1,0.5,3.5
0,0.5,4
0,1,4.5
1,0.5,1.5
0,0.5,3
0,0.5,3.5
0,0.5,4
0,0.5,4.5
1,0.5,1
0,0.5,1.5
0,0.5,2
1,0.5,2.5
1,0.5,3
1,0.5,3.5
0,0.33,4
1,0.33,4.3
0,0.33,4.7
1,1.5,1
0,0.5,2.5
1,0.5,3
1,1.5,3.5
0,0.5,1.5
1,0.5,2
1,1,2.5
1,1,3.5
0,1,4.5
0,0.5,1.5
0,0.5,2
0,2,2.5
0,0.5,4.5
0,0.5,1
0,0.25,1.5
1,0.25,1.8
1,0.5,2
0,1,2.5
0,0.25,3.5
1,0.25,3.7
1,0.5,4
0,0.5,4.5
0,0.5,1
0,0.5,1.5
0,0.5,2
0,0.5,2.5
0,0.5,3
0,0.5,3.5
0,0.5,4
0,0.5,4.5
1,0.5,1
0,0.5,1.5
1,0.5,2
0,0.5,2.5
1,0.5,3
1,0.5,3.5
1,0.5,4
1,1,4.5
1,0.5,1.5
0,1.5,2.5
0,0.5,1.5
0,0.5,2
1,0.5,2.5
0,0.5,3
0,0.5,3.5
0,0.5,4
1,0.5,4.5
0,1,1
1,0.5,2
1,0.5,2.5
0,1,3
1,0.5,1.5
1,0.5,2
0,1.5,2.5
1,0.5,4
1,0.5,4.5
0,0.5,1
1,0.5,1.5
1,0.5,2
1,0.5,2.5
0,0.5,3.5
1,0.5,4
0,1,4.5
1,1,1.5
0,1,2.5
0,1,3.5
0,1,4.5
0,0.5,1.5
1,0.5,2
0,1,2.5
0,1,3.5
0,0.5,4.5
1,1,1
1,1,2
1,0.5,3
0,0.5,3.5
1,0.5,4
0,1,4.5
1,0.5,1.5
0,0.5,2
0,1,2.5
1,0.5,3.5
1,0.5,4
0,0.5,4.5
1,0.5,1
1,0.5,1.5
0,1,2
1,0.5,3
1,0.5,3.5
1,0.5,4
0,0.5,4.5
1,0.5,1
0,0.5,1.5
1,0.5,2
0,1.5,2.5
1,0.5,4
1,0.5,4.5
0,0.5,1
0,0.5,1.5
0,1,2
1,0.5,1.5
0,0.5,2
1,0.5,2.5
0,0.5,3
1,0.5,3.5
0,0.5,4
0,0.5,4.5
0,0.5,1
1,0.5,1.5
0,0.5,2
0,0.5,2.5
1,0.5,3
0,0.5,3.5
1,0.5,4
1,0.5,4.5
1,0.5,1
1,0.5,1.5
1,0.5,2
1,0.5,2.5
0,1,3
1,0.5,1.5
1,0.5,2
0,0.5,2.5
1,0.5,3
1,0.5,3.5
1,1,4
0,1,1
0,0.5,2
1,0.5,2.5
0,0.5,3
1,0.25,3.5
0,0.25,3.8
0,0.5,4
1,0.5,4.5
0,0.5,1.5
1,0.5,2
0,1.5,2.5
1,0.5,4
1,0.5,4.5
0,0.5,1
0,0.5,1.5
0,0.5,2
0,0.5,2.5
0,0.5,3
1,0.5,3.5
0,0.5,4
0,0.5,4.5
1,0.5,1
1,0.5,1.5
1,0.5,2
1,0.5,2.5
0,0.5,3
0,0.5,3.5
1,0.33,4
0,0.33,4.3
1,0.33,4.7
0,0.5,1
0,0.5,1.5
0,0.5,2
1,2,2.5
0,0.5,4.5
1,0.5,1
1,0.5,1.5
1,0.5,2
0,0.5,2.5
1,0.5,3.5
1,0.5,4
1,0.5,4.5
0,0.5,1
1,0.5,1.5
0,0.33,2
1,0.33,2.3
1,0.33,2.7
0,0.5,3
0,0.5,3.5
1,0.5,4
0,0.5,4.5
0,0.5,1
0,0.5,1.5
1,0.5,2
0,0.5,2.5
1,0.5,3
1,0.5,3.5
0,0.5,4
1,1.5,4.5
0,0.5,2.5
0,0.5,3
0,0.5,3.5
0,1,4
0,1,1.5
0,0.5,2.5
0,0.5,3
0,0.5,3.5
0,0.5,4
0,0.5,4.5
1,0.5,1
1,0.5,1.5
1,0.5,2
1,0.5,2.5
1,0.5,3
1,0.5,3.5
1,0.5,4
1,0.5,4.5
0,0.5,1
0,0.5,1.5
0,1,2
0,0.5,3
0,0.5,3.5
0,0.5,4
0,0.5,4.5
0,0.5,1
0,1,1.5
0,1,2.5
0,1,3.5
0,0.5,4.5
0,0.5,1
1,0.5,1.5
0,1,2
0,0.5,3
0,0.5,3.5
0,0.5,4
0,0.5,4.5
0,0.5,1
1,0.5,1.5
1,1,2
1,0.5,3
0,0.5,3.5
1,0.5,4
0,0.5,4.5
0,0.5,1
0,0.5,1.5
1,2,2
0,0.5,3.5
0,0.5,4
0,0.5,4.5
0,0.5,1.5
1,0.5,2
0,1,2.5
0,0.5,3.5
1,1,3
0,0.5,4
1,0.5,4.5
1,0.5,3.5
0,0.5,4
0,2.5,4.5
1,1.5,4.5
1,0.5,2
1,0.5,2.5
1,0.5,3
1,0.5,3.5
0,0.5,4
1,0.5,4.5
0,0.33,4
0,0.33,4.3
0,0.33,4.7
0,0.5,1
1,0.5,1.5
0,0.5,2
1,0.25,2.5
0,0.25,2.8
1,0.5,3
0,0.5,3.5
1,0.5,4
0,0.5,4.5
0,0.5,1
1,0.5,1.5
1,0.5,2
1,0.5,2.5
1,0.5,3
1,0.5,3.5
1,0.5,4
0,0.5,4.5
1,0.5,1
0,0.5,1.5
1,1,2
0,0.5,3
1,0.5,3.5
1,0.5,4
1,1,4.5
0,0.25,1.5
1,0.25,1.8
0,1,2
0,1,3
1,0.5,3.5
1,0.5,4
1,0.5,4.5
0,0.5,1
1,0.5,1.5
0,0.5,2
0,0.5,2.5
0,0.5,3
0,0.5,3.5
0,0.5,4
0,0.5,4.5
0,0.5,1
0,0.5,1.5
0,1,2
1,1.5,3
0,0.25,4.5
1,0.25,4.8
1,0.5,1
1,0.5,1.5
1,1,2
0,0.5,3
0,0.5,3.5
0,0.25,4.5
1,0.416,4.8
0,0.166,1
1,0.166,1.1
1,0.166,1.3
0,0.166,1.5
0,0.166,1.6
1,0.666,1.8
1,0.5,2.5
1,0.5,2.5
0,0.5,3
1,0.5,3.5
0,0.5,4
1,0.5,4.5
0,0.5,1
0,0.5,1.5
1,0.5,2
0,0.5,2.5
0,1,3
1,0.5,4
0,0.5,4.5
1,1,1
0,0.5,2
0,0.5,2.5
0,0.5,3
1,0.5,3.5
0,0.5,4
0,0.5,4.5
1,1,1
1,0.5,2
0,0.5,2.5
1,0.5,3
0,0.5,3.5
1,1,4
0,2,1
0,0.5,1.5
1,0.5,2
1,0.5,2.5
0,1,3
0,0.5,4
0,0.5,4.5
1,0.5,1
0,0.5,1.5
0,0.5,2
1,0.5,2.5
1,1,3
0,0.5,4
0,0.5,4.5
0,0.5,1
0,0.5,1.5
1,0.5,2
0,1.5,2.5
0,0.5,2.5
1,1.5,3
0,0.5,4.5
0,0.33,1
0,0.33,1.3
1,0.33,1.7
1,0.33,2
0,0.33,2.3
0,0.33,2.7
0,0.33,3
0,0.33,3.3
0,0.33,3.7
0,0.33,4
0,0.33,4.3
0,0.33,4.7
1,0.33,1
0,0.33,1.3
1,0.33,1.7
0,0.33,2
0,0.33,2.3
0,0.83,2.7
1,0.33,3.5
0,0.33,4
1,2.5,4.5